13.29601213
14.29195325
14.50899974
15.92602425
14.48169681
15.14954526
12.98614674
11.27375810
12.19735486
11.56771267
12.42214586
12.43101827
11.89508835
11.32900504
10.93998142
11.07410343
11.73819371
12.42747707
13.34422033
13.32818350
13.45974992
14.31691970
13.68903715
14.05473850
13.22721209
11.45336493
12.24072045
12.30953397
11.40073322
11.11420463
11.19106219
10.94087151
9.98500024
10.45901336
10.28979869
10.16463898
8.70929715
9.59205892
9.38263726
9.68382904
9.68545466
9.79745460
10.16806694
9.87752815
10.07180729
11.05410784
10.26732890
11.09405184
10.81717705
10.59793643
10.23558818
9.93128149
10.45627543
10.18464941
8.39575674
7.55877261
5.91003666
6.46534928
6.98477192
7.13221294
7.01608442
7.85743008
7.19060597
7.15964928
6.45401320
6.95902864
7.67150384
8.55418307
8.54740067
8.14273515
9.31259535
8.91467071
8.25562116
7.41095516
7.64379203
8.33195939
8.06454738
7.30748034
8.97455692
8.74921905
9.29749764
9.86511185
10.06255442
8.91593162
9.55393631
9.16991411
8.90238989
9.51846602
10.42228016
12.11863363
13.35178274
14.65645950
15.96417335
14.99408877
14.27933200
15.32457530
15.40524903
15.58758815
14.84117369
13.76644531
